3   6.66        1.01        0
3	13.3098 	2.02897		0.389839
3	7.00096		3.26019 	3.12521      
3	0.638915	3.92709		2.20729     
3	1.08397		6.71395		1.08093     
3	4.32238		12.6613		0.00584222     
3	13.8095		11.9913		-0.0092477    
3	13.926		7.33268		-1.55152    
3  	22.2776		5.42006		0.0342034    
3	13.5788		-11.0788	-3.11826     
3	5.43393		-11.1984	3.06236     
3	4.41618		-11.4662	 0.1761      
3	2.00713		-8.79638	2.49888       
3	-1.40065	-5.72615	1.65408       
3	-1.92648	-5.59928	2.07617       
3	0       	0	        0

  
